6.860000000000000000e+02 2.720000000000000000e+02
9.550000000000000000e+02 6.940000000000000000e+02
1.820000000000000000e+02 2.510000000000000000e+02
2.820000000000000000e+02 4.250000000000000000e+02
3.960000000000000000e+02 2.890000000000000000e+02
7.000000000000000000e+02 2.740000000000000000e+02
6.730000000000000000e+02 2.590000000000000000e+02
6.780000000000000000e+02 2.790000000000000000e+02
6.910000000000000000e+02 2.830000000000000000e+02
9.430000000000000000e+02 6.820000000000000000e+02
9.430000000000000000e+02 6.870000000000000000e+02
9.410000000000000000e+02 6.890000000000000000e+02
9.480000000000000000e+02 7.060000000000000000e+02
1.890000000000000000e+02 2.610000000000000000e+02
1.830000000000000000e+02 2.400000000000000000e+02
1.740000000000000000e+02 2.630000000000000000e+02
1.800000000000000000e+02 2.370000000000000000e+02
2.940000000000000000e+02 4.370000000000000000e+02
2.870000000000000000e+02 4.120000000000000000e+02
2.760000000000000000e+02 4.390000000000000000e+02
2.790000000000000000e+02 4.380000000000000000e+02
4.060000000000000000e+02 2.790000000000000000e+02
3.790000000000000000e+02 2.840000000000000000e+02
3.870000000000000000e+02 2.740000000000000000e+02
3.930000000000000000e+02 3.060000000000000000e+02
