1.240000000000000000e+02 9.300000000000000000e+01
8.150000000000000000e+02 9.950000000000000000e+02
2.170000000000000000e+02 2.440000000000000000e+02
2.180000000000000000e+02 6.030000000000000000e+02
2.370000000000000000e+02 5.430000000000000000e+02
7.220000000000000000e+02 1.460000000000000000e+02
6.100000000000000000e+02 5.730000000000000000e+02
8.350000000000000000e+02 5.290000000000000000e+02
9.270000000000000000e+02 3.520000000000000000e+02
4.470000000000000000e+02 6.590000000000000000e+02
4.800000000000000000e+02 6.390000000000000000e+02
9.170000000000000000e+02 9.300000000000000000e+01
8.420000000000000000e+02 8.260000000000000000e+02
6.630000000000000000e+02 4.150000000000000000e+02
5.540000000000000000e+02 3.800000000000000000e+02
3.050000000000000000e+02 3.390000000000000000e+02
8.840000000000000000e+02 6.980000000000000000e+02
8.500000000000000000e+02 6.060000000000000000e+02
1.400000000000000000e+01 3.020000000000000000e+02
2.900000000000000000e+02 5.000000000000000000e+02
4.900000000000000000e+01 8.270000000000000000e+02
9.650000000000000000e+02 2.800000000000000000e+02
5.910000000000000000e+02 2.970000000000000000e+02
5.340000000000000000e+02 6.100000000000000000e+01
8.880000000000000000e+02 8.160000000000000000e+02
3.540000000000000000e+02 2.380000000000000000e+02
1.550000000000000000e+02 5.260000000000000000e+02
5.620000000000000000e+02 4.700000000000000000e+02
9.830000000000000000e+02 9.700000000000000000e+02
2.560000000000000000e+02 8.690000000000000000e+02
9.480000000000000000e+02 4.600000000000000000e+02
3.120000000000000000e+02 4.200000000000000000e+01
8.440000000000000000e+02 5.580000000000000000e+02
1.860000000000000000e+02 8.270000000000000000e+02
9.010000000000000000e+02 5.020000000000000000e+02
9.820000000000000000e+02 5.700000000000000000e+01
6.440000000000000000e+02 6.810000000000000000e+02
2.470000000000000000e+02 9.930000000000000000e+02
4.140000000000000000e+02 5.270000000000000000e+02
6.190000000000000000e+02 1.010000000000000000e+02
9.000000000000000000e+00 5.430000000000000000e+02
3.100000000000000000e+01 2.650000000000000000e+02
3.410000000000000000e+02 3.680000000000000000e+02
2.300000000000000000e+01 2.810000000000000000e+02
4.730000000000000000e+02 9.300000000000000000e+02
7.000000000000000000e+02 5.800000000000000000e+02
5.600000000000000000e+02 5.370000000000000000e+02
7.550000000000000000e+02 2.090000000000000000e+02
4.000000000000000000e+01 9.780000000000000000e+02
9.000000000000000000e+02 7.180000000000000000e+02
4.500000000000000000e+01 7.080000000000000000e+02
7.210000000000000000e+02 8.530000000000000000e+02
7.350000000000000000e+02 2.210000000000000000e+02
9.180000000000000000e+02 7.200000000000000000e+02
2.270000000000000000e+02 7.930000000000000000e+02
8.120000000000000000e+02 4.910000000000000000e+02
3.680000000000000000e+02 5.820000000000000000e+02
5.150000000000000000e+02 8.170000000000000000e+02
2.950000000000000000e+02 7.720000000000000000e+02
7.840000000000000000e+02 9.890000000000000000e+02
1.850000000000000000e+02 4.420000000000000000e+02
3.800000000000000000e+02 2.960000000000000000e+02
5.300000000000000000e+01 3.240000000000000000e+02
2.880000000000000000e+02 2.400000000000000000e+01
7.400000000000000000e+01 4.770000000000000000e+02
1.310000000000000000e+02 2.480000000000000000e+02
4.200000000000000000e+01 3.590000000000000000e+02
8.200000000000000000e+01 6.680000000000000000e+02
4.460000000000000000e+02 5.310000000000000000e+02
1.150000000000000000e+02 9.300000000000000000e+01
7.080000000000000000e+02 9.440000000000000000e+02
5.450000000000000000e+02 6.460000000000000000e+02
7.420000000000000000e+02 9.320000000000000000e+02
2.920000000000000000e+02 8.320000000000000000e+02
2.400000000000000000e+02 9.870000000000000000e+02
9.260000000000000000e+02 1.440000000000000000e+02
1.200000000000000000e+02 8.800000000000000000e+02
5.560000000000000000e+02 1.600000000000000000e+01
4.050000000000000000e+02 9.910000000000000000e+02
8.520000000000000000e+02 5.870000000000000000e+02
5.360000000000000000e+02 1.050000000000000000e+02
6.620000000000000000e+02 7.690000000000000000e+02
4.990000000000000000e+02 7.240000000000000000e+02
8.270000000000000000e+02 6.230000000000000000e+02
8.730000000000000000e+02 6.070000000000000000e+02
6.950000000000000000e+02 8.730000000000000000e+02
6.790000000000000000e+02 7.190000000000000000e+02
9.200000000000000000e+02 7.420000000000000000e+02
2.750000000000000000e+02 9.240000000000000000e+02
7.050000000000000000e+02 5.780000000000000000e+02
4.070000000000000000e+02 4.000000000000000000e+02
4.110000000000000000e+02 6.620000000000000000e+02
8.840000000000000000e+02 7.000000000000000000e+02
9.610000000000000000e+02 8.010000000000000000e+02
2.270000000000000000e+02 8.520000000000000000e+02
8.950000000000000000e+02 5.180000000000000000e+02
9.660000000000000000e+02 1.510000000000000000e+02
6.160000000000000000e+02 9.120000000000000000e+02
1.780000000000000000e+02 2.130000000000000000e+02
5.350000000000000000e+02 4.210000000000000000e+02
2.500000000000000000e+02 4.510000000000000000e+02
1.480000000000000000e+02 8.970000000000000000e+02
9.740000000000000000e+02 5.670000000000000000e+02
8.800000000000000000e+02 4.100000000000000000e+02
6.380000000000000000e+02 9.500000000000000000e+01
2.300000000000000000e+02 5.170000000000000000e+02
2.400000000000000000e+01 6.030000000000000000e+02
9.870000000000000000e+02 3.090000000000000000e+02
8.640000000000000000e+02 1.650000000000000000e+02
8.020000000000000000e+02 5.300000000000000000e+02
2.970000000000000000e+02 4.110000000000000000e+02
4.960000000000000000e+02 3.620000000000000000e+02
2.530000000000000000e+02 6.770000000000000000e+02
5.670000000000000000e+02 6.000000000000000000e+01
5.680000000000000000e+02 9.140000000000000000e+02
4.010000000000000000e+02 2.410000000000000000e+02
6.790000000000000000e+02 4.440000000000000000e+02
1.920000000000000000e+02 2.210000000000000000e+02
2.380000000000000000e+02 9.870000000000000000e+02
9.000000000000000000e+01 3.820000000000000000e+02
2.720000000000000000e+02 5.640000000000000000e+02
1.840000000000000000e+02 9.380000000000000000e+02
7.650000000000000000e+02 4.710000000000000000e+02
4.420000000000000000e+02 7.990000000000000000e+02
4.790000000000000000e+02 4.760000000000000000e+02
5.720000000000000000e+02 2.280000000000000000e+02
7.840000000000000000e+02 8.380000000000000000e+02
1.490000000000000000e+02 7.510000000000000000e+02
1.850000000000000000e+02 6.490000000000000000e+02
6.950000000000000000e+02 5.530000000000000000e+02
5.800000000000000000e+01 5.390000000000000000e+02
3.680000000000000000e+02 2.920000000000000000e+02
1.910000000000000000e+02 4.640000000000000000e+02
8.400000000000000000e+01 5.240000000000000000e+02
9.820000000000000000e+02 2.410000000000000000e+02
8.970000000000000000e+02 7.460000000000000000e+02
6.390000000000000000e+02 9.670000000000000000e+02
1.910000000000000000e+02 3.130000000000000000e+02
4.120000000000000000e+02 7.410000000000000000e+02
7.400000000000000000e+01 2.300000000000000000e+01
7.600000000000000000e+02 1.840000000000000000e+02
6.390000000000000000e+02 9.700000000000000000e+02
6.600000000000000000e+01 8.630000000000000000e+02
4.500000000000000000e+01 4.490000000000000000e+02
5.000000000000000000e+02 3.630000000000000000e+02
1.580000000000000000e+02 8.530000000000000000e+02
2.380000000000000000e+02 9.420000000000000000e+02
8.130000000000000000e+02 5.430000000000000000e+02
6.400000000000000000e+01 5.160000000000000000e+02
9.980000000000000000e+02 8.290000000000000000e+02
7.960000000000000000e+02 9.670000000000000000e+02
4.030000000000000000e+02 4.620000000000000000e+02
2.280000000000000000e+02 8.490000000000000000e+02
2.370000000000000000e+02 3.820000000000000000e+02
2.100000000000000000e+01 5.410000000000000000e+02
2.850000000000000000e+02 2.650000000000000000e+02
5.430000000000000000e+02 3.110000000000000000e+02
6.200000000000000000e+02 1.370000000000000000e+02
1.090000000000000000e+02 7.600000000000000000e+01
4.630000000000000000e+02 1.590000000000000000e+02
5.700000000000000000e+01 4.710000000000000000e+02
9.830000000000000000e+02 4.030000000000000000e+02
1.900000000000000000e+01 3.750000000000000000e+02
1.590000000000000000e+02 3.510000000000000000e+02
6.690000000000000000e+02 7.120000000000000000e+02
6.400000000000000000e+01 5.530000000000000000e+02
5.350000000000000000e+02 4.500000000000000000e+01
4.690000000000000000e+02 3.750000000000000000e+02
3.620000000000000000e+02 4.620000000000000000e+02
8.110000000000000000e+02 8.340000000000000000e+02
4.880000000000000000e+02 3.520000000000000000e+02
1.770000000000000000e+02 6.340000000000000000e+02
1.040000000000000000e+02 4.970000000000000000e+02
3.480000000000000000e+02 3.840000000000000000e+02
9.030000000000000000e+02 8.100000000000000000e+02
8.920000000000000000e+02 5.730000000000000000e+02
1.000000000000000000e+01 8.280000000000000000e+02
3.250000000000000000e+02 6.580000000000000000e+02
2.100000000000000000e+02 4.500000000000000000e+02
2.220000000000000000e+02 6.020000000000000000e+02
3.510000000000000000e+02 9.510000000000000000e+02
4.110000000000000000e+02 9.260000000000000000e+02
8.970000000000000000e+02 3.310000000000000000e+02
8.980000000000000000e+02 5.900000000000000000e+02
9.680000000000000000e+02 7.750000000000000000e+02
9.460000000000000000e+02 5.620000000000000000e+02
1.600000000000000000e+02 2.960000000000000000e+02
8.820000000000000000e+02 8.030000000000000000e+02
1.730000000000000000e+02 2.240000000000000000e+02
4.900000000000000000e+02 2.140000000000000000e+02
5.730000000000000000e+02 7.320000000000000000e+02
4.320000000000000000e+02 3.090000000000000000e+02
5.250000000000000000e+02 8.460000000000000000e+02
9.700000000000000000e+01 4.740000000000000000e+02
1.000000000000000000e+00 7.040000000000000000e+02
2.490000000000000000e+02 1.970000000000000000e+02
6.650000000000000000e+02 1.600000000000000000e+01
1.130000000000000000e+02 3.000000000000000000e+02
7.270000000000000000e+02 2.850000000000000000e+02
1.830000000000000000e+02 5.100000000000000000e+02
7.400000000000000000e+01 3.540000000000000000e+02
8.530000000000000000e+02 6.860000000000000000e+02
7.540000000000000000e+02 6.940000000000000000e+02
5.320000000000000000e+02 9.590000000000000000e+02
3.540000000000000000e+02 2.770000000000000000e+02
9.750000000000000000e+02 5.140000000000000000e+02
5.070000000000000000e+02 2.500000000000000000e+01
3.000000000000000000e+01 6.600000000000000000e+01
6.020000000000000000e+02 4.500000000000000000e+02
6.280000000000000000e+02 5.690000000000000000e+02
1.620000000000000000e+02 8.110000000000000000e+02
4.470000000000000000e+02 6.720000000000000000e+02
8.900000000000000000e+02 6.530000000000000000e+02
5.030000000000000000e+02 3.170000000000000000e+02
9.710000000000000000e+02 9.500000000000000000e+02
1.270000000000000000e+02 8.340000000000000000e+02
7.110000000000000000e+02 3.390000000000000000e+02
2.730000000000000000e+02 2.830000000000000000e+02
1.450000000000000000e+02 4.800000000000000000e+01
1.980000000000000000e+02 9.980000000000000000e+02
7.720000000000000000e+02 8.090000000000000000e+02
9.400000000000000000e+02 7.320000000000000000e+02
5.200000000000000000e+02 4.970000000000000000e+02
5.510000000000000000e+02 9.480000000000000000e+02
7.050000000000000000e+02 8.210000000000000000e+02
9.920000000000000000e+02 8.530000000000000000e+02
4.730000000000000000e+02 6.110000000000000000e+02
1.800000000000000000e+02 3.000000000000000000e+01
6.000000000000000000e+01 1.470000000000000000e+02
7.320000000000000000e+02 3.550000000000000000e+02
2.360000000000000000e+02 1.410000000000000000e+02
3.100000000000000000e+02 5.750000000000000000e+02
1.820000000000000000e+02 9.070000000000000000e+02
9.840000000000000000e+02 4.130000000000000000e+02
5.430000000000000000e+02 9.640000000000000000e+02
3.870000000000000000e+02 4.260000000000000000e+02
2.570000000000000000e+02 8.650000000000000000e+02
3.000000000000000000e+01 7.030000000000000000e+02
3.250000000000000000e+02 3.130000000000000000e+02
1.060000000000000000e+02 1.250000000000000000e+02
1.650000000000000000e+02 8.620000000000000000e+02
6.460000000000000000e+02 6.600000000000000000e+02
8.740000000000000000e+02 9.250000000000000000e+02
5.960000000000000000e+02 9.580000000000000000e+02
1.620000000000000000e+02 3.390000000000000000e+02
1.940000000000000000e+02 7.170000000000000000e+02
7.260000000000000000e+02 9.070000000000000000e+02
5.980000000000000000e+02 8.600000000000000000e+02
2.080000000000000000e+02 3.650000000000000000e+02
2.380000000000000000e+02 3.540000000000000000e+02
