2.910000000000000000e+02 6.680000000000000000e+02
6.270000000000000000e+02 4.350000000000000000e+02
6.550000000000000000e+02 1.170000000000000000e+02
2.790000000000000000e+02 6.740000000000000000e+02
3.030000000000000000e+02 6.580000000000000000e+02
3.020000000000000000e+02 6.700000000000000000e+02
2.920000000000000000e+02 6.560000000000000000e+02
6.360000000000000000e+02 4.400000000000000000e+02
6.200000000000000000e+02 4.180000000000000000e+02
6.230000000000000000e+02 4.470000000000000000e+02
6.350000000000000000e+02 4.250000000000000000e+02
6.460000000000000000e+02 1.260000000000000000e+02
6.400000000000000000e+02 1.260000000000000000e+02
6.380000000000000000e+02 1.170000000000000000e+02
6.690000000000000000e+02 1.120000000000000000e+02
