7.270000000000000000e+02 7.360000000000000000e+02
7.900000000000000000e+01 2.530000000000000000e+02
6.380000000000000000e+02 4.890000000000000000e+02
9.710000000000000000e+02 4.910000000000000000e+02
8.240000000000000000e+02 4.040000000000000000e+02
7.140000000000000000e+02 7.390000000000000000e+02
7.190000000000000000e+02 7.500000000000000000e+02
7.250000000000000000e+02 7.470000000000000000e+02
7.380000000000000000e+02 7.410000000000000000e+02
6.100000000000000000e+01 2.560000000000000000e+02
6.800000000000000000e+01 2.500000000000000000e+02
6.300000000000000000e+01 2.620000000000000000e+02
6.200000000000000000e+01 2.450000000000000000e+02
6.480000000000000000e+02 4.980000000000000000e+02
6.310000000000000000e+02 4.990000000000000000e+02
6.220000000000000000e+02 4.930000000000000000e+02
6.260000000000000000e+02 5.000000000000000000e+02
9.580000000000000000e+02 4.990000000000000000e+02
9.810000000000000000e+02 4.960000000000000000e+02
9.780000000000000000e+02 5.050000000000000000e+02
9.800000000000000000e+02 5.010000000000000000e+02
8.360000000000000000e+02 3.920000000000000000e+02
8.110000000000000000e+02 3.980000000000000000e+02
8.270000000000000000e+02 3.880000000000000000e+02
8.190000000000000000e+02 3.910000000000000000e+02
