1.960000000000000000e+02 3.330000000000000000e+02
8.010000000000000000e+02 3.630000000000000000e+02
7.340000000000000000e+02 1.660000000000000000e+02
2.050000000000000000e+02 2.430000000000000000e+02
1.640000000000000000e+02 5.260000000000000000e+02
7.290000000000000000e+02 8.070000000000000000e+02
7.340000000000000000e+02 5.780000000000000000e+02
2.100000000000000000e+01 1.000000000000000000e+02
9.310000000000000000e+02 3.800000000000000000e+01
5.290000000000000000e+02 5.820000000000000000e+02
1.330000000000000000e+02 1.700000000000000000e+02
4.080000000000000000e+02 6.460000000000000000e+02
1.440000000000000000e+02 6.860000000000000000e+02
1.240000000000000000e+02 4.730000000000000000e+02
8.440000000000000000e+02 2.680000000000000000e+02
3.140000000000000000e+02 1.900000000000000000e+02
2.260000000000000000e+02 8.180000000000000000e+02
2.020000000000000000e+02 6.410000000000000000e+02
8.910000000000000000e+02 1.840000000000000000e+02
9.280000000000000000e+02 5.950000000000000000e+02
4.710000000000000000e+02 6.240000000000000000e+02
8.030000000000000000e+02 9.240000000000000000e+02
2.430000000000000000e+02 6.210000000000000000e+02
1.770000000000000000e+02 8.580000000000000000e+02
7.810000000000000000e+02 7.590000000000000000e+02
7.320000000000000000e+02 4.590000000000000000e+02
8.380000000000000000e+02 9.890000000000000000e+02
9.310000000000000000e+02 5.970000000000000000e+02
1.330000000000000000e+02 8.300000000000000000e+01
5.310000000000000000e+02 4.940000000000000000e+02
2.640000000000000000e+02 6.400000000000000000e+01
6.510000000000000000e+02 7.880000000000000000e+02
6.630000000000000000e+02 1.240000000000000000e+02
7.560000000000000000e+02 5.790000000000000000e+02
6.710000000000000000e+02 2.240000000000000000e+02
1.610000000000000000e+02 9.240000000000000000e+02
1.320000000000000000e+02 3.440000000000000000e+02
8.870000000000000000e+02 9.940000000000000000e+02
1.070000000000000000e+02 5.930000000000000000e+02
2.940000000000000000e+02 5.900000000000000000e+01
9.040000000000000000e+02 9.890000000000000000e+02
4.570000000000000000e+02 6.800000000000000000e+02
9.750000000000000000e+02 9.800000000000000000e+02
9.240000000000000000e+02 4.680000000000000000e+02
3.530000000000000000e+02 3.520000000000000000e+02
9.320000000000000000e+02 3.270000000000000000e+02
5.690000000000000000e+02 3.400000000000000000e+02
1.530000000000000000e+02 1.140000000000000000e+02
8.880000000000000000e+02 7.400000000000000000e+01
5.570000000000000000e+02 9.980000000000000000e+02
2.630000000000000000e+02 6.020000000000000000e+02
9.900000000000000000e+01 3.630000000000000000e+02
7.810000000000000000e+02 4.920000000000000000e+02
2.440000000000000000e+02 5.010000000000000000e+02
1.180000000000000000e+02 2.240000000000000000e+02
7.140000000000000000e+02 3.320000000000000000e+02
1.800000000000000000e+01 3.950000000000000000e+02
1.400000000000000000e+02 6.000000000000000000e+00
8.620000000000000000e+02 5.470000000000000000e+02
2.670000000000000000e+02 9.790000000000000000e+02
7.910000000000000000e+02 8.020000000000000000e+02
1.210000000000000000e+02 3.650000000000000000e+02
5.340000000000000000e+02 5.790000000000000000e+02
8.040000000000000000e+02 5.860000000000000000e+02
3.020000000000000000e+02 3.890000000000000000e+02
1.610000000000000000e+02 4.510000000000000000e+02
4.430000000000000000e+02 3.940000000000000000e+02
1.120000000000000000e+02 4.070000000000000000e+02
4.980000000000000000e+02 3.700000000000000000e+01
4.870000000000000000e+02 1.460000000000000000e+02
5.320000000000000000e+02 7.850000000000000000e+02
4.150000000000000000e+02 6.930000000000000000e+02
5.250000000000000000e+02 9.200000000000000000e+01
6.710000000000000000e+02 5.270000000000000000e+02
4.140000000000000000e+02 3.570000000000000000e+02
3.360000000000000000e+02 5.620000000000000000e+02
9.700000000000000000e+02 4.560000000000000000e+02
1.310000000000000000e+02 1.040000000000000000e+02
7.630000000000000000e+02 4.570000000000000000e+02
7.390000000000000000e+02 7.390000000000000000e+02
9.170000000000000000e+02 9.600000000000000000e+02
9.220000000000000000e+02 1.500000000000000000e+01
3.620000000000000000e+02 2.310000000000000000e+02
3.490000000000000000e+02 4.300000000000000000e+01
2.650000000000000000e+02 1.740000000000000000e+02
9.670000000000000000e+02 7.030000000000000000e+02
3.470000000000000000e+02 5.800000000000000000e+02
9.810000000000000000e+02 9.230000000000000000e+02
3.810000000000000000e+02 9.290000000000000000e+02
8.700000000000000000e+01 9.800000000000000000e+01
6.900000000000000000e+02 1.130000000000000000e+02
2.390000000000000000e+02 2.300000000000000000e+01
3.300000000000000000e+01 3.550000000000000000e+02
2.820000000000000000e+02 4.000000000000000000e+00
2.320000000000000000e+02 9.930000000000000000e+02
7.450000000000000000e+02 3.080000000000000000e+02
2.310000000000000000e+02 2.280000000000000000e+02
1.570000000000000000e+02 4.500000000000000000e+01
8.560000000000000000e+02 9.830000000000000000e+02
6.400000000000000000e+01 1.540000000000000000e+02
1.550000000000000000e+02 1.830000000000000000e+02
6.060000000000000000e+02 7.380000000000000000e+02
3.800000000000000000e+01 4.710000000000000000e+02
9.860000000000000000e+02 5.110000000000000000e+02
5.600000000000000000e+01 8.100000000000000000e+02
5.680000000000000000e+02 8.300000000000000000e+01
5.410000000000000000e+02 2.930000000000000000e+02
4.170000000000000000e+02 9.400000000000000000e+01
1.200000000000000000e+02 2.510000000000000000e+02
8.810000000000000000e+02 9.000000000000000000e+00
5.200000000000000000e+02 4.490000000000000000e+02
6.370000000000000000e+02 4.030000000000000000e+02
3.340000000000000000e+02 2.350000000000000000e+02
8.200000000000000000e+02 2.960000000000000000e+02
4.940000000000000000e+02 1.150000000000000000e+02
8.670000000000000000e+02 3.540000000000000000e+02
5.020000000000000000e+02 7.460000000000000000e+02
8.260000000000000000e+02 1.900000000000000000e+01
5.030000000000000000e+02 4.100000000000000000e+01
3.410000000000000000e+02 4.510000000000000000e+02
9.640000000000000000e+02 4.900000000000000000e+02
9.730000000000000000e+02 2.930000000000000000e+02
8.890000000000000000e+02 9.330000000000000000e+02
6.660000000000000000e+02 7.440000000000000000e+02
9.330000000000000000e+02 9.900000000000000000e+01
2.800000000000000000e+02 4.290000000000000000e+02
3.520000000000000000e+02 6.200000000000000000e+01
9.880000000000000000e+02 5.390000000000000000e+02
4.500000000000000000e+02 6.980000000000000000e+02
7.800000000000000000e+02 3.730000000000000000e+02
4.980000000000000000e+02 3.320000000000000000e+02
2.710000000000000000e+02 5.230000000000000000e+02
7.780000000000000000e+02 2.460000000000000000e+02
7.190000000000000000e+02 8.610000000000000000e+02
1.080000000000000000e+02 3.100000000000000000e+01
3.990000000000000000e+02 5.930000000000000000e+02
8.200000000000000000e+01 5.680000000000000000e+02
6.980000000000000000e+02 4.050000000000000000e+02
2.900000000000000000e+01 3.080000000000000000e+02
5.720000000000000000e+02 6.480000000000000000e+02
8.200000000000000000e+02 9.220000000000000000e+02
9.130000000000000000e+02 4.560000000000000000e+02
6.820000000000000000e+02 1.130000000000000000e+02
9.150000000000000000e+02 3.320000000000000000e+02
6.770000000000000000e+02 2.270000000000000000e+02
4.320000000000000000e+02 8.740000000000000000e+02
8.660000000000000000e+02 8.740000000000000000e+02
9.610000000000000000e+02 2.190000000000000000e+02
4.550000000000000000e+02 9.700000000000000000e+02
4.270000000000000000e+02 3.730000000000000000e+02
6.750000000000000000e+02 6.500000000000000000e+02
9.500000000000000000e+02 4.720000000000000000e+02
7.310000000000000000e+02 7.510000000000000000e+02
9.720000000000000000e+02 1.200000000000000000e+02
6.820000000000000000e+02 7.900000000000000000e+01
7.800000000000000000e+01 3.450000000000000000e+02
5.470000000000000000e+02 4.130000000000000000e+02
1.130000000000000000e+02 2.290000000000000000e+02
4.330000000000000000e+02 9.980000000000000000e+02
6.020000000000000000e+02 1.720000000000000000e+02
8.070000000000000000e+02 7.150000000000000000e+02
8.800000000000000000e+02 9.100000000000000000e+02
5.360000000000000000e+02 4.700000000000000000e+01
4.630000000000000000e+02 2.280000000000000000e+02
2.920000000000000000e+02 5.800000000000000000e+01
2.070000000000000000e+02 1.460000000000000000e+02
5.880000000000000000e+02 2.040000000000000000e+02
5.900000000000000000e+01 2.500000000000000000e+02
2.970000000000000000e+02 6.790000000000000000e+02
1.080000000000000000e+02 8.650000000000000000e+02
9.810000000000000000e+02 8.670000000000000000e+02
5.170000000000000000e+02 6.730000000000000000e+02
1.730000000000000000e+02 9.080000000000000000e+02
3.620000000000000000e+02 9.830000000000000000e+02
1.900000000000000000e+01 6.100000000000000000e+01
9.720000000000000000e+02 9.740000000000000000e+02
7.420000000000000000e+02 5.600000000000000000e+02
7.780000000000000000e+02 9.650000000000000000e+02
6.230000000000000000e+02 7.740000000000000000e+02
1.900000000000000000e+01 1.470000000000000000e+02
1.200000000000000000e+02 1.100000000000000000e+02
4.990000000000000000e+02 3.930000000000000000e+02
2.880000000000000000e+02 6.460000000000000000e+02
6.610000000000000000e+02 9.310000000000000000e+02
2.880000000000000000e+02 1.190000000000000000e+02
5.470000000000000000e+02 3.560000000000000000e+02
6.800000000000000000e+02 2.260000000000000000e+02
7.980000000000000000e+02 4.440000000000000000e+02
7.580000000000000000e+02 8.710000000000000000e+02
6.200000000000000000e+01 4.980000000000000000e+02
2.600000000000000000e+02 6.340000000000000000e+02
1.880000000000000000e+02 5.300000000000000000e+02
4.110000000000000000e+02 3.390000000000000000e+02
3.900000000000000000e+02 9.110000000000000000e+02
9.720000000000000000e+02 2.170000000000000000e+02
8.800000000000000000e+02 7.640000000000000000e+02
5.080000000000000000e+02 7.060000000000000000e+02
5.220000000000000000e+02 9.940000000000000000e+02
9.220000000000000000e+02 8.920000000000000000e+02
2.250000000000000000e+02 8.540000000000000000e+02
7.570000000000000000e+02 4.990000000000000000e+02
7.090000000000000000e+02 2.740000000000000000e+02
5.850000000000000000e+02 8.240000000000000000e+02
9.960000000000000000e+02 2.910000000000000000e+02
9.790000000000000000e+02 5.550000000000000000e+02
4.900000000000000000e+01 7.620000000000000000e+02
2.870000000000000000e+02 3.580000000000000000e+02
6.030000000000000000e+02 3.570000000000000000e+02
9.270000000000000000e+02 8.630000000000000000e+02
2.000000000000000000e+00 3.630000000000000000e+02
7.170000000000000000e+02 9.230000000000000000e+02
7.920000000000000000e+02 8.840000000000000000e+02
5.950000000000000000e+02 1.230000000000000000e+02
8.440000000000000000e+02 6.140000000000000000e+02
9.620000000000000000e+02 9.490000000000000000e+02
6.470000000000000000e+02 6.240000000000000000e+02
2.830000000000000000e+02 7.260000000000000000e+02
6.230000000000000000e+02 5.620000000000000000e+02
7.090000000000000000e+02 6.380000000000000000e+02
1.230000000000000000e+02 8.100000000000000000e+02
6.750000000000000000e+02 0.000000000000000000e+00
8.700000000000000000e+02 3.780000000000000000e+02
7.210000000000000000e+02 3.780000000000000000e+02
3.010000000000000000e+02 3.690000000000000000e+02
5.650000000000000000e+02 8.440000000000000000e+02
7.630000000000000000e+02 8.940000000000000000e+02
8.000000000000000000e+00 9.630000000000000000e+02
6.100000000000000000e+01 3.450000000000000000e+02
7.890000000000000000e+02 3.150000000000000000e+02
4.170000000000000000e+02 1.230000000000000000e+02
1.290000000000000000e+02 4.050000000000000000e+02
6.480000000000000000e+02 3.680000000000000000e+02
9.950000000000000000e+02 4.600000000000000000e+02
3.560000000000000000e+02 7.000000000000000000e+01
9.200000000000000000e+01 7.600000000000000000e+02
1.500000000000000000e+01 5.490000000000000000e+02
3.360000000000000000e+02 3.000000000000000000e+00
3.800000000000000000e+02 5.080000000000000000e+02
4.640000000000000000e+02 8.280000000000000000e+02
5.570000000000000000e+02 1.050000000000000000e+02
7.750000000000000000e+02 2.170000000000000000e+02
9.440000000000000000e+02 9.220000000000000000e+02
8.600000000000000000e+02 1.580000000000000000e+02
9.900000000000000000e+01 3.200000000000000000e+02
4.390000000000000000e+02 9.560000000000000000e+02
3.100000000000000000e+02 9.010000000000000000e+02
1.680000000000000000e+02 8.200000000000000000e+02
4.110000000000000000e+02 4.300000000000000000e+01
7.480000000000000000e+02 5.760000000000000000e+02
5.510000000000000000e+02 7.360000000000000000e+02
