1.490000000000000000e+02 1.350000000000000000e+02
8.500000000000000000e+01 7.620000000000000000e+02
1.130000000000000000e+02 6.990000000000000000e+02
8.700000000000000000e+01 9.680000000000000000e+02
1.560000000000000000e+02 1.260000000000000000e+02
1.360000000000000000e+02 1.250000000000000000e+02
1.310000000000000000e+02 1.340000000000000000e+02
1.420000000000000000e+02 1.500000000000000000e+02
7.300000000000000000e+01 7.590000000000000000e+02
9.100000000000000000e+01 7.730000000000000000e+02
9.500000000000000000e+01 7.620000000000000000e+02
9.600000000000000000e+01 7.570000000000000000e+02
1.120000000000000000e+02 7.100000000000000000e+02
1.060000000000000000e+02 7.070000000000000000e+02
1.020000000000000000e+02 6.910000000000000000e+02
1.200000000000000000e+02 7.140000000000000000e+02
9.100000000000000000e+01 9.520000000000000000e+02
7.300000000000000000e+01 9.740000000000000000e+02
7.500000000000000000e+01 9.650000000000000000e+02
9.000000000000000000e+01 9.830000000000000000e+02
