6.520000000000000000e+02 4.560000000000000000e+02
6.210000000000000000e+02 2.150000000000000000e+02
4.870000000000000000e+02 4.550000000000000000e+02
4.010000000000000000e+02 5.330000000000000000e+02
8.640000000000000000e+02 1.590000000000000000e+02
2.790000000000000000e+02 5.040000000000000000e+02
3.700000000000000000e+02 8.360000000000000000e+02
5.720000000000000000e+02 4.600000000000000000e+01
3.600000000000000000e+01 9.870000000000000000e+02
8.470000000000000000e+02 4.190000000000000000e+02
8.220000000000000000e+02 1.440000000000000000e+02
7.630000000000000000e+02 7.550000000000000000e+02
3.880000000000000000e+02 4.010000000000000000e+02
5.820000000000000000e+02 7.800000000000000000e+01
6.870000000000000000e+02 8.790000000000000000e+02
6.860000000000000000e+02 9.320000000000000000e+02
9.930000000000000000e+02 9.600000000000000000e+02
1.080000000000000000e+02 3.700000000000000000e+02
2.030000000000000000e+02 1.650000000000000000e+02
7.380000000000000000e+02 3.620000000000000000e+02
9.390000000000000000e+02 9.700000000000000000e+01
7.530000000000000000e+02 1.980000000000000000e+02
6.840000000000000000e+02 3.010000000000000000e+02
3.360000000000000000e+02 2.510000000000000000e+02
6.410000000000000000e+02 2.320000000000000000e+02
9.580000000000000000e+02 4.280000000000000000e+02
6.560000000000000000e+02 2.080000000000000000e+02
2.250000000000000000e+02 6.000000000000000000e+01
4.300000000000000000e+02 3.590000000000000000e+02
5.300000000000000000e+01 8.580000000000000000e+02
8.090000000000000000e+02 1.340000000000000000e+02
7.360000000000000000e+02 7.380000000000000000e+02
1.080000000000000000e+02 6.610000000000000000e+02
3.130000000000000000e+02 2.070000000000000000e+02
7.800000000000000000e+02 9.750000000000000000e+02
9.710000000000000000e+02 9.990000000000000000e+02
1.910000000000000000e+02 7.710000000000000000e+02
1.010000000000000000e+02 7.850000000000000000e+02
7.220000000000000000e+02 6.280000000000000000e+02
2.990000000000000000e+02 9.050000000000000000e+02
8.980000000000000000e+02 2.290000000000000000e+02
9.390000000000000000e+02 6.560000000000000000e+02
3.280000000000000000e+02 1.600000000000000000e+02
6.710000000000000000e+02 1.800000000000000000e+02
3.640000000000000000e+02 4.140000000000000000e+02
1.560000000000000000e+02 2.700000000000000000e+01
4.770000000000000000e+02 1.580000000000000000e+02
9.330000000000000000e+02 3.800000000000000000e+02
8.790000000000000000e+02 3.200000000000000000e+01
7.540000000000000000e+02 5.820000000000000000e+02
8.360000000000000000e+02 9.010000000000000000e+02
2.340000000000000000e+02 5.150000000000000000e+02
1.470000000000000000e+02 2.100000000000000000e+01
3.940000000000000000e+02 8.090000000000000000e+02
9.130000000000000000e+02 6.760000000000000000e+02
3.910000000000000000e+02 4.930000000000000000e+02
5.300000000000000000e+01 4.810000000000000000e+02
7.200000000000000000e+01 4.580000000000000000e+02
5.400000000000000000e+01 7.510000000000000000e+02
6.930000000000000000e+02 9.980000000000000000e+02
3.550000000000000000e+02 6.870000000000000000e+02
5.800000000000000000e+01 3.270000000000000000e+02
5.480000000000000000e+02 3.760000000000000000e+02
9.360000000000000000e+02 7.670000000000000000e+02
6.900000000000000000e+02 4.200000000000000000e+02
5.880000000000000000e+02 3.800000000000000000e+02
7.060000000000000000e+02 2.100000000000000000e+02
7.660000000000000000e+02 8.660000000000000000e+02
9.200000000000000000e+01 7.800000000000000000e+01
6.250000000000000000e+02 9.190000000000000000e+02
6.390000000000000000e+02 3.680000000000000000e+02
8.500000000000000000e+02 6.240000000000000000e+02
9.800000000000000000e+02 3.850000000000000000e+02
7.580000000000000000e+02 4.530000000000000000e+02
3.040000000000000000e+02 9.090000000000000000e+02
5.560000000000000000e+02 6.140000000000000000e+02
7.240000000000000000e+02 5.810000000000000000e+02
6.480000000000000000e+02 8.760000000000000000e+02
6.060000000000000000e+02 4.960000000000000000e+02
3.130000000000000000e+02 6.200000000000000000e+02
7.710000000000000000e+02 5.500000000000000000e+02
3.630000000000000000e+02 8.270000000000000000e+02
2.070000000000000000e+02 7.780000000000000000e+02
7.650000000000000000e+02 8.810000000000000000e+02
1.960000000000000000e+02 6.020000000000000000e+02
7.650000000000000000e+02 7.520000000000000000e+02
3.370000000000000000e+02 9.050000000000000000e+02
3.610000000000000000e+02 1.200000000000000000e+01
8.650000000000000000e+02 8.900000000000000000e+01
3.900000000000000000e+02 2.130000000000000000e+02
5.520000000000000000e+02 6.010000000000000000e+02
6.260000000000000000e+02 7.620000000000000000e+02
2.630000000000000000e+02 6.570000000000000000e+02
8.310000000000000000e+02 1.520000000000000000e+02
8.610000000000000000e+02 6.390000000000000000e+02
8.750000000000000000e+02 8.120000000000000000e+02
2.030000000000000000e+02 4.880000000000000000e+02
9.900000000000000000e+02 5.140000000000000000e+02
9.600000000000000000e+01 9.060000000000000000e+02
2.690000000000000000e+02 6.700000000000000000e+02
4.570000000000000000e+02 9.450000000000000000e+02
5.570000000000000000e+02 3.040000000000000000e+02
6.570000000000000000e+02 4.900000000000000000e+01
6.480000000000000000e+02 2.300000000000000000e+02
4.060000000000000000e+02 9.110000000000000000e+02
8.120000000000000000e+02 8.820000000000000000e+02
4.000000000000000000e+00 2.200000000000000000e+02
6.060000000000000000e+02 5.020000000000000000e+02
1.900000000000000000e+01 1.000000000000000000e+01
3.740000000000000000e+02 7.260000000000000000e+02
9.940000000000000000e+02 3.780000000000000000e+02
4.600000000000000000e+01 6.530000000000000000e+02
8.440000000000000000e+02 4.520000000000000000e+02
1.000000000000000000e+00 8.740000000000000000e+02
4.300000000000000000e+01 2.790000000000000000e+02
8.550000000000000000e+02 5.850000000000000000e+02
3.980000000000000000e+02 7.460000000000000000e+02
1.630000000000000000e+02 5.780000000000000000e+02
3.820000000000000000e+02 9.920000000000000000e+02
3.700000000000000000e+02 2.400000000000000000e+01
2.700000000000000000e+02 6.640000000000000000e+02
8.870000000000000000e+02 3.660000000000000000e+02
3.030000000000000000e+02 7.910000000000000000e+02
9.610000000000000000e+02 8.000000000000000000e+00
1.570000000000000000e+02 9.310000000000000000e+02
4.390000000000000000e+02 6.490000000000000000e+02
3.200000000000000000e+01 1.730000000000000000e+02
9.300000000000000000e+02 7.620000000000000000e+02
9.490000000000000000e+02 9.250000000000000000e+02
4.840000000000000000e+02 5.490000000000000000e+02
1.970000000000000000e+02 1.990000000000000000e+02
6.430000000000000000e+02 6.190000000000000000e+02
1.060000000000000000e+02 5.110000000000000000e+02
4.950000000000000000e+02 5.700000000000000000e+01
4.640000000000000000e+02 9.760000000000000000e+02
5.630000000000000000e+02 6.980000000000000000e+02
7.160000000000000000e+02 3.000000000000000000e+00
7.830000000000000000e+02 1.160000000000000000e+02
3.160000000000000000e+02 4.800000000000000000e+01
9.210000000000000000e+02 8.240000000000000000e+02
9.470000000000000000e+02 5.850000000000000000e+02
1.900000000000000000e+01 5.050000000000000000e+02
4.470000000000000000e+02 4.840000000000000000e+02
3.750000000000000000e+02 1.390000000000000000e+02
9.010000000000000000e+02 5.830000000000000000e+02
7.000000000000000000e+02 3.280000000000000000e+02
6.580000000000000000e+02 9.070000000000000000e+02
2.270000000000000000e+02 8.900000000000000000e+01
6.000000000000000000e+01 7.070000000000000000e+02
3.020000000000000000e+02 3.500000000000000000e+01
5.880000000000000000e+02 7.100000000000000000e+02
8.500000000000000000e+01 5.540000000000000000e+02
1.410000000000000000e+02 3.100000000000000000e+02
1.890000000000000000e+02 2.410000000000000000e+02
9.230000000000000000e+02 8.670000000000000000e+02
1.660000000000000000e+02 2.630000000000000000e+02
7.540000000000000000e+02 1.010000000000000000e+02
7.520000000000000000e+02 4.160000000000000000e+02
4.840000000000000000e+02 9.420000000000000000e+02
3.700000000000000000e+01 4.680000000000000000e+02
1.410000000000000000e+02 7.970000000000000000e+02
5.300000000000000000e+02 3.190000000000000000e+02
3.490000000000000000e+02 1.310000000000000000e+02
5.100000000000000000e+01 5.960000000000000000e+02
8.790000000000000000e+02 4.120000000000000000e+02
8.280000000000000000e+02 4.840000000000000000e+02
6.840000000000000000e+02 9.040000000000000000e+02
2.710000000000000000e+02 5.980000000000000000e+02
5.540000000000000000e+02 6.910000000000000000e+02
7.940000000000000000e+02 6.100000000000000000e+01
4.930000000000000000e+02 4.640000000000000000e+02
1.980000000000000000e+02 8.900000000000000000e+02
8.390000000000000000e+02 6.210000000000000000e+02
3.020000000000000000e+02 4.710000000000000000e+02
3.320000000000000000e+02 4.160000000000000000e+02
2.370000000000000000e+02 7.880000000000000000e+02
4.530000000000000000e+02 2.010000000000000000e+02
1.100000000000000000e+01 8.640000000000000000e+02
2.240000000000000000e+02 6.090000000000000000e+02
6.880000000000000000e+02 7.890000000000000000e+02
6.290000000000000000e+02 4.360000000000000000e+02
5.720000000000000000e+02 1.750000000000000000e+02
1.400000000000000000e+01 5.060000000000000000e+02
6.690000000000000000e+02 7.100000000000000000e+01
6.900000000000000000e+02 6.320000000000000000e+02
6.850000000000000000e+02 1.990000000000000000e+02
1.950000000000000000e+02 2.570000000000000000e+02
7.220000000000000000e+02 5.320000000000000000e+02
1.550000000000000000e+02 5.020000000000000000e+02
9.000000000000000000e+02 1.290000000000000000e+02
7.900000000000000000e+02 6.270000000000000000e+02
5.260000000000000000e+02 6.370000000000000000e+02
8.710000000000000000e+02 7.150000000000000000e+02
4.950000000000000000e+02 2.550000000000000000e+02
5.090000000000000000e+02 9.020000000000000000e+02
6.760000000000000000e+02 2.500000000000000000e+02
4.500000000000000000e+02 6.720000000000000000e+02
9.870000000000000000e+02 8.010000000000000000e+02
2.300000000000000000e+01 2.150000000000000000e+02
5.760000000000000000e+02 2.510000000000000000e+02
5.380000000000000000e+02 4.040000000000000000e+02
9.910000000000000000e+02 1.300000000000000000e+01
9.090000000000000000e+02 7.460000000000000000e+02
1.470000000000000000e+02 2.100000000000000000e+02
6.110000000000000000e+02 8.340000000000000000e+02
7.100000000000000000e+01 4.920000000000000000e+02
4.280000000000000000e+02 1.270000000000000000e+02
2.410000000000000000e+02 7.500000000000000000e+02
6.580000000000000000e+02 8.590000000000000000e+02
8.330000000000000000e+02 8.340000000000000000e+02
5.460000000000000000e+02 4.830000000000000000e+02
4.430000000000000000e+02 3.430000000000000000e+02
2.880000000000000000e+02 5.490000000000000000e+02
5.990000000000000000e+02 4.140000000000000000e+02
4.220000000000000000e+02 1.260000000000000000e+02
2.370000000000000000e+02 1.700000000000000000e+01
4.710000000000000000e+02 6.810000000000000000e+02
1.900000000000000000e+02 9.000000000000000000e+00
1.080000000000000000e+02 8.450000000000000000e+02
3.140000000000000000e+02 1.590000000000000000e+02
6.430000000000000000e+02 4.770000000000000000e+02
9.120000000000000000e+02 1.430000000000000000e+02
1.680000000000000000e+02 5.360000000000000000e+02
4.200000000000000000e+01 9.180000000000000000e+02
1.240000000000000000e+02 5.080000000000000000e+02
4.250000000000000000e+02 3.200000000000000000e+01
8.320000000000000000e+02 4.640000000000000000e+02
8.290000000000000000e+02 2.110000000000000000e+02
2.060000000000000000e+02 8.350000000000000000e+02
1.680000000000000000e+02 4.530000000000000000e+02
1.250000000000000000e+02 2.780000000000000000e+02
9.580000000000000000e+02 1.920000000000000000e+02
3.310000000000000000e+02 4.070000000000000000e+02
1.120000000000000000e+02 7.100000000000000000e+01
4.130000000000000000e+02 7.940000000000000000e+02
2.670000000000000000e+02 2.060000000000000000e+02
5.820000000000000000e+02 8.510000000000000000e+02
9.850000000000000000e+02 1.800000000000000000e+02
8.950000000000000000e+02 7.220000000000000000e+02
7.700000000000000000e+01 9.920000000000000000e+02
4.880000000000000000e+02 1.000000000000000000e+02
3.380000000000000000e+02 9.090000000000000000e+02
5.650000000000000000e+02 1.390000000000000000e+02
1.800000000000000000e+02 1.230000000000000000e+02
7.850000000000000000e+02 7.810000000000000000e+02
6.530000000000000000e+02 7.350000000000000000e+02
2.320000000000000000e+02 8.000000000000000000e+01
4.380000000000000000e+02 4.140000000000000000e+02
4.050000000000000000e+02 8.090000000000000000e+02
