1.870000000000000000e+02 8.100000000000000000e+01
5.090000000000000000e+02 1.450000000000000000e+02
2.060000000000000000e+02 6.560000000000000000e+02
8.360000000000000000e+02 7.770000000000000000e+02
3.020000000000000000e+02 6.860000000000000000e+02
2.000000000000000000e+02 7.900000000000000000e+01
1.930000000000000000e+02 7.000000000000000000e+01
1.860000000000000000e+02 6.600000000000000000e+01
1.770000000000000000e+02 7.500000000000000000e+01
5.240000000000000000e+02 1.500000000000000000e+02
4.980000000000000000e+02 1.480000000000000000e+02
4.930000000000000000e+02 1.500000000000000000e+02
5.250000000000000000e+02 1.460000000000000000e+02
2.200000000000000000e+02 6.470000000000000000e+02
1.990000000000000000e+02 6.450000000000000000e+02
1.880000000000000000e+02 6.610000000000000000e+02
2.210000000000000000e+02 6.520000000000000000e+02
8.410000000000000000e+02 7.860000000000000000e+02
8.410000000000000000e+02 7.930000000000000000e+02
8.460000000000000000e+02 7.910000000000000000e+02
8.290000000000000000e+02 7.920000000000000000e+02
3.190000000000000000e+02 6.820000000000000000e+02
2.940000000000000000e+02 6.980000000000000000e+02
3.160000000000000000e+02 6.760000000000000000e+02
3.130000000000000000e+02 6.810000000000000000e+02
